[gd_scene load_steps=14 format=2]

[ext_resource path="res://KinematicBody.gd" type="Script" id=1]
[ext_resource path="res://Chevrolet Camaro.obj" type="ArrayMesh" id=2]

[sub_resource type="BoxShape" id=1]

[sub_resource type="SpatialMaterial" id=7]
albedo_color = Color( 0.870588, 0.937255, 0.258824, 1 )

[sub_resource type="CubeMesh" id=2]
material = SubResource( 7 )

[sub_resource type="CubeMesh" id=3]

[sub_resource type="Gradient" id=8]
offsets = PoolRealArray( 0, 0.955782 )
colors = PoolColorArray( 0.976562, 0.0259618, 0.0259618, 1, 1, 1, 1, 1 )

[sub_resource type="GradientTexture" id=9]
gradient = SubResource( 8 )
width = 2037

[sub_resource type="SpatialMaterial" id=10]
metallic = 0.32
metallic_specular = 0.82
metallic_texture = SubResource( 9 )

[sub_resource type="BoxShape" id=4]

[sub_resource type="BoxShape" id=16]
extents = Vector3( 1, 0.826219, 2.80347 )

[sub_resource type="BoxShape" id=14]

[sub_resource type="CubeMesh" id=15]

[node name="Level" type="Spatial"]
transform = Transform( 1, 0, 0, 0, 1, 0, 0, 0, 1, 0.777646, 0.189035, 0.320595 )

[node name="Box" type="RigidBody" parent="."]
transform = Transform( 0.801765, -0.499883, 0.327551, 0.597639, 0.67062, -0.439427, 0, 0.548074, 0.83643, 0, 6.27822, 0 )

[node name="CollisionShape" type="CollisionShape" parent="Box"]
shape = SubResource( 1 )

[node name="MeshInstance" type="MeshInstance" parent="Box"]
transform = Transform( 1, -2.17213e-07, 1.18656e-07, 1.34404e-08, 1, 2.08616e-07, -1.30057e-07, 0, 1, 0.0239232, 0.0268445, -0.01759 )
mesh = SubResource( 2 )
material/0 = null

[node name="Box3" type="RigidBody" parent="."]
transform = Transform( -0.915181, -0.402102, 0.0275315, 0.352643, -0.765791, 0.537779, -0.195159, 0.501874, 0.842636, 0, 9.31491, 0 )

[node name="CollisionShape" type="CollisionShape" parent="Box3"]
shape = SubResource( 1 )

[node name="MeshInstance" type="MeshInstance" parent="Box3"]
mesh = SubResource( 2 )
material/0 = null

[node name="Box2" type="RigidBody" parent="."]
transform = Transform( 0.962034, -0.260383, 0.081799, 0.272926, 0.919237, -0.283753, -0.00130836, 0.295305, 0.955402, 0.118452, 5.1924, 10.4198 )

[node name="CollisionShape" type="CollisionShape" parent="Box2"]
shape = SubResource( 1 )

[node name="MeshInstance" type="MeshInstance" parent="Box2"]
transform = Transform( 1, -7.99773e-08, 4.31901e-08, -2.75119e-07, 1, -1.78814e-07, -2.98023e-08, -4.17233e-07, 1, -0.0399852, 0.0523405, -0.0387392 )
mesh = SubResource( 2 )
material/0 = null

[node name="Floor" type="StaticBody" parent="."]
transform = Transform( 49.7858, 0, 0, 0, 0.0931887, 0, 0, 0, 88.869, 0.0194387, -0.0670705, -0.0454369 )

[node name="MeshInstance" type="MeshInstance" parent="Floor"]
transform = Transform( 1, 0, 0, 0, 1, 0, 0, 0, 1, 0.0191759, -0.316403, -0.0251123 )
mesh = SubResource( 3 )
material/0 = SubResource( 10 )

[node name="CollisionShape" type="CollisionShape" parent="Floor"]
transform = Transform( 1, 0, 0, 0, 1, 0, 0, 0, 1, 0, 0, 0 )
shape = SubResource( 4 )

[node name="Player" type="KinematicBody" parent="."]
transform = Transform( 1, 1.86265e-09, 7.45058e-09, -1.67638e-08, 1, -2.98023e-08, 0, -2.98023e-08, 1, -0.191366, 0.610714, -2.36103 )
script = ExtResource( 1 )

[node name="MeshInstance" type="MeshInstance" parent="Player"]
transform = Transform( 1, 4.73779e-11, -1.16773e-11, 2.96655e-13, 0.999982, 0.00635295, 1.06523e-10, -0.00635294, 0.999982, 0.00415802, -0.0170496, -0.00254107 )
mesh = ExtResource( 2 )
material/0 = null
material/1 = null
material/2 = null
material/3 = null
material/4 = null
material/5 = null
material/6 = null
material/7 = null
material/8 = null
material/9 = null
material/10 = null
material/11 = null
material/12 = null
material/13 = null
material/14 = null
material/15 = null

[node name="CollisionShape" type="CollisionShape" parent="Player"]
transform = Transform( 1, 5.32907e-15, 2.13163e-14, -4.26326e-14, 1, -8.52651e-14, 1.51461e-27, -8.52651e-14, 1, 0.0199165, 0.202768, -0.00907755 )
shape = SubResource( 16 )

[node name="Spatial" type="Spatial" parent="Player"]

[node name="Camera" type="Camera" parent="Player/Spatial"]
transform = Transform( -0.999526, -5.25095e-09, 0.0307826, 0.0149706, 0.873772, 0.486105, -0.026897, 0.486335, -0.873358, 0.28818, 4.26814, -8.82836 )

[node name="StaticBody" type="StaticBody" parent="."]
transform = Transform( 5.06109, 0, 0, 0, 0.233621, 2.77986, 0, -0.0743738, 8.73202, 0, 1.89874, 8.79724 )

[node name="CollisionShape" type="CollisionShape" parent="StaticBody"]
shape = SubResource( 14 )

[node name="MeshInstance" type="MeshInstance" parent="StaticBody"]
mesh = SubResource( 15 )
material/0 = null
