[gd_scene load_steps=5 format=2]

[sub_resource type="BoxShape" id=1]

[sub_resource type="CubeMesh" id=2]

[sub_resource type="CubeMesh" id=3]

[sub_resource type="BoxShape" id=4]

[node name="Level" type="Spatial"]

[node name="Box" type="RigidBody" parent="."]
transform = Transform( 0.801765, -0.499883, 0.327551, 0.597639, 0.67062, -0.439427, 0, 0.548074, 0.83643, 0, 6.27822, 0 )

[node name="CollisionShape" type="CollisionShape" parent="Box"]
shape = SubResource( 1 )

[node name="MeshInstance" type="MeshInstance" parent="Box"]
transform = Transform( 1, -2.17213e-07, 1.18656e-07, 1.34404e-08, 1, 2.08616e-07, -1.30057e-07, 0, 1, 0.0239232, 0.0268445, -0.01759 )
mesh = SubResource( 2 )
material/0 = null

[node name="Box3" type="RigidBody" parent="."]
transform = Transform( -0.915181, -0.402102, 0.0275315, 0.352643, -0.765791, 0.537779, -0.195159, 0.501874, 0.842636, 0, 9.31491, 0 )

[node name="CollisionShape" type="CollisionShape" parent="Box3"]
shape = SubResource( 1 )

[node name="MeshInstance" type="MeshInstance" parent="Box3"]
mesh = SubResource( 2 )
material/0 = null

[node name="Box2" type="RigidBody" parent="."]
transform = Transform( 0.962034, -0.260383, 0.081799, 0.272926, 0.919237, -0.283753, -0.00130836, 0.295305, 0.955402, 0, 12.2867, 0 )

[node name="CollisionShape" type="CollisionShape" parent="Box2"]
shape = SubResource( 1 )

[node name="MeshInstance" type="MeshInstance" parent="Box2"]
transform = Transform( 1, -5.05825e-08, 2.80561e-08, -7.78236e-08, 1, 0, -2.95695e-08, -8.9407e-08, 1, 0, 0, 0 )
mesh = SubResource( 2 )
material/0 = null

[node name="Camera" type="Camera" parent="."]
transform = Transform( 0.194166, 0, 0.980969, 0, 1, 0, -0.980969, 0, 0.194166, 11.0922, 1.71881, 1.8702 )

[node name="Floor" type="StaticBody" parent="."]
transform = Transform( 10.1578, 0, 0, 0, 0.0931887, 0, 0, 0, 10.8995, 0.0194387, -0.0670705, -0.0454369 )

[node name="MeshInstance" type="MeshInstance" parent="Floor"]
mesh = SubResource( 3 )
material/0 = null

[node name="CollisionShape" type="CollisionShape" parent="Floor"]
shape = SubResource( 4 )
